sn=808802869,led1=1500,led2=0,rg_ratio=0.446347,bg_ratio=0.507457,cal_version=2
sn=808802869,led1=0,led2=1500,rg_ratio=0.971045,bg_ratio=0.231375,cal_version=2
sn=808802869,led1=750,led2=750,rg_ratio=0.647252,bg_ratio=0.402233,cal_version=2
